9.591820807695119276e-06 -6.011619663543803997e-05 2.439558787680644515e-05 2.612878795093611132e-05
7.410218845828466273e-06 -2.080668573609516258e-05 -3.050626819854519920e-06 1.644709371012111120e-05
-6.184891221304664290e-06 -3.799343061634650212e-05 1.492125585038977864e-05 2.925706598726119211e-05
2.631408744735556926e-07 -4.316208876348933397e-05 1.926549365958083718e-05 2.363345422943488350e-05
8.572561485516913538e-05 -2.199783103456672017e-04 2.045624411512915469e-05 1.137964513753672244e-04
5.220852172830562390e-06 -3.530278652166972853e-05 1.009244697392686428e-06 2.907268965144620273e-05
2.246864480024164516e-06 -1.383229899559325040e-05 -5.631524236847907541e-06 1.721695875241634460e-05
-5.072583041084228252e-06 -6.449389986612018408e-05 2.591716250743325678e-05 4.364932039977084384e-05
1.087315588882514604e-05 -5.570493670842601504e-05 2.145867583191383266e-05 2.337310498768633161e-05
-4.785536990833273634e-06 -6.181588082048328648e-05 -1.608757725471247224e-06 6.821017553678616918e-05
2.041168636297366356e-06 -1.622137295885930453e-05 -8.524535093599797166e-06 2.270473941616144226e-05
-3.312644030621327744e-05 -4.283752519253245861e-05 1.509144455909540260e-05 6.087252093964962195e-05
3.279258616383152374e-05 -1.499843702461447028e-04 -9.853417113526403978e-06 1.270452011958391782e-04
3.480869386821353565e-06 -1.721521725353485107e-05 8.129520614461629009e-07 1.292139580526725117e-05
-2.269983651289168112e-06 -2.496177753111052800e-05 6.587635400118223693e-06 2.064412578228098114e-05
-2.541546386476786015e-06 8.444317825198103594e-07 -2.933376559502962167e-06 4.630491163459917917e-06
2.981307010655491652e-06 -3.460167332486982793e-05 1.754030847906327205e-05 1.408005783515079275e-05
-6.973903858851795461e-06 -8.482550788537542035e-06 -7.038402822222408505e-06 2.249485746961145716e-05
-6.797352973570706307e-05 -1.616471140778381920e-04 7.829355736200464388e-05 1.513270864515388900e-04
2.074489337229566224e-06 -4.705230445348923698e-05 5.907031378512533334e-06 3.907078373774639033e-05
5.139693358955000789e-06 -4.075999710053105523e-05 -5.571818222405157870e-06 4.119212196398096921e-05
6.738853502482677562e-06 -3.240194980759614993e-05 5.918788769582015188e-06 1.974430753553094896e-05
5.480130971644618396e-06 -5.301475688505058351e-05 1.265818976524800979e-05 3.487643614815761142e-05
1.437917479763071456e-06 -3.333704624005902583e-05 3.571885562757757778e-06 2.832724319753799670e-05
1.138877906223455217e-04 -2.906601667213907472e-04 4.543043486584932096e-06 1.722293326124574677e-04
-7.768433605874453625e-05 -2.230955494956750676e-04 9.105680303698291561e-05 2.097230825174344927e-04
6.572533521720566303e-05 -2.528876915636817883e-04 1.667654885166718645e-05 1.704858074948085458e-04
1.057837151537397216e-05 -3.093646399039902303e-05 -5.069391665566730956e-06 2.542748414059154804e-05
-2.473896276609874334e-05 -1.392861850591087377e-04 5.114313828010461950e-05 1.128820095451020078e-04
1.137727867956438897e-04 -2.033931770894909484e-04 -9.425500778328962898e-06 9.904589107217481197e-05
1.558928313319493498e-05 -6.699249234048500255e-05 1.042585687255091005e-06 5.036062352003447173e-05
9.735411956632820601e-06 -6.991338405820244262e-05 5.408405840861127336e-06 5.476956626070767983e-05
7.230131831643049015e-05 -2.003488563896230483e-04 6.416364392327174792e-05 6.388389414991982090e-05
-1.692956220230105709e-05 -5.249009853522717872e-05 2.544509190102385739e-05 4.397456883650402605e-05
1.898752980769978995e-05 -7.366718927818642463e-05 2.080161277859942616e-06 5.259949819262529870e-05
5.592481091086464303e-05 -7.187640166828570187e-04 1.307375304902562343e-04 5.321016752817349284e-04
-2.741076159702080961e-07 -4.494505877178206364e-06 9.045035663586924050e-07 3.864109926789662340e-06
7.350066442801940990e-05 -1.060274210567620137e-04 1.616032512766382001e-05 1.636643150107672037e-05
-8.639687511755191453e-07 -1.642137335809559036e-05 -2.531268452175260570e-06 1.981661056144626843e-05
3.553295816194316386e-05 -5.815994106342408298e-05 1.476012521943079295e-05 7.866857682049262197e-06
-2.191309976467773381e-06 -3.479339959128204031e-06 1.766138444844474939e-06 3.904511490751372030e-06
6.114571249724409080e-05 -1.905156342463091873e-04 -3.509558369005703730e-05 1.644655054391206566e-04
1.860643786987718171e-05 -9.298737747392677268e-05 2.468587830085551842e-05 4.969506130319315776e-05
-4.387129521388153926e-05 -2.289650588932875728e-04 9.817099422272326402e-05 1.746653598844446012e-04
-8.906347977303792220e-06 -4.655195467971719257e-05 1.959991836028873475e-05 3.585838429673193664e-05
8.843953469430518077e-06 -1.799702263382772218e-04 5.783552122957069891e-06 1.653427207458885531e-04
1.361474137691577943e-07 -8.240192572612635609e-05 3.795835170596883741e-05 4.430742660638776966e-05
2.839806109260969850e-05 -2.419375912749197706e-04 1.605808323822648646e-05 1.974814469440827657e-04
-1.451182695188627657e-06 -1.135273330721422265e-05 -2.791167737730575044e-07 1.308303277617567233e-05
-2.767222344886403489e-05 -7.926103026120174643e-05 2.591072739237362983e-05 8.102252631769165682e-05
3.726378745735494266e-06 -1.290534912543242909e-05 3.202533274067611482e-06 5.976437105629115397e-06
-1.336911626294196538e-05 -4.542155320516637947e-05 1.948905845652432563e-05 3.930161101158358215e-05
-6.330495879687911981e-05 -2.854929829085610577e-04 1.026342041758610262e-04 2.461637375295785686e-04
-3.866443167435615008e-06 -1.881426093002322390e-05 7.559658507083293999e-06 1.512104559037523320e-05
2.565491669596533370e-05 -6.034331776778432304e-05 -4.615395556734703113e-06 3.930379662855354168e-05
-8.625499532754018648e-05 -2.422766404890270317e-04 7.813954347848968830e-05 2.503920923380767980e-04
2.228395934547466945e-05 -1.020981420389932218e-04 -1.894775096681989093e-05 9.876193366033773511e-05
4.839252438315019719e-05 -7.861176174974461833e-05 -4.763729823939979498e-05 7.785653560599372822e-05
5.255247191517265778e-05 -1.181010663296365123e-04 -4.393536736327101393e-05 1.094839617777343941e-04
-1.235277495413957929e-05 -1.042209314185190013e-05 1.652546036829166883e-06 2.112232205916213720e-05
-2.767306784106226701e-05 -1.855875114483934940e-05 9.336158673201446439e-06 3.689566031269978712e-05
-2.332919949263760536e-06 -2.384722800665744610e-05 7.385577677504089934e-06 1.879457027841594441e-05
2.905286298757606605e-06 -9.437400590192620664e-06 -6.294917290169558532e-06 1.282703158160428460e-05
4.207721532954534279e-06 -7.829766341624783956e-05 2.514660816640189523e-05 4.894333371689105092e-05
-4.021948214396169345e-06 -2.987510581977399890e-05 3.617168268067346267e-07 3.353533720736330656e-05
-5.659930360300439523e-05 -3.267166852764316360e-04 1.201524992721359473e-04 2.631634896072996502e-04
2.738865271367891884e-05 -2.371408466865728456e-04 -1.338524361939916101e-05 2.231374375922927388e-04
2.536126456710683931e-05 -6.016587281162199234e-05 -2.353952131439977639e-06 3.715856037595469021e-05
-2.873757036439120429e-06 -2.325193554062889132e-05 9.655506504250360928e-06 1.647018607281723916e-05
-2.382110596226633332e-07 -1.227742992686908704e-05 8.245814652949939931e-06 4.269826333541468238e-06
1.578631169951928978e-06 -1.836374416736564873e-05 -1.406166033683443893e-06 1.819127903109692986e-05
5.858416705760231159e-06 -1.221211567512824644e-04 3.134544398449721689e-05 8.491729606102455983e-05
1.255321903473293227e-06 -1.027443684147225852e-05 2.341493273128122203e-06 6.677621664870746531e-06
3.611537565399583412e-06 -7.052030504392479428e-05 3.343955100291818108e-05 3.346921647560674180e-05
-4.282321150458450994e-05 -1.025774077773198222e-04 1.180220299541792628e-05 1.335984162864857147e-04
3.694695467249083734e-06 -1.274325382759563011e-04 5.001164713876471446e-05 7.372619566994248008e-05
3.519854352008028569e-05 -7.709398953554553308e-05 5.136422419686840143e-06 3.675902359577755852e-05
-6.808328930098585545e-06 -2.409342963952469969e-05 1.764759590516364602e-06 2.913699897910686812e-05
-6.398507835764192663e-06 -5.939600257520591614e-05 2.132595383602274905e-05 4.446855657494662114e-05
1.493829647733028738e-06 -2.190776329340815326e-04 5.836425951947967622e-05 1.592195437668684956e-04
1.531603524768754092e-05 -7.950439885743665162e-05 1.143517978233241463e-06 6.304484563151575404e-05
-4.163891586039000607e-06 -9.077734931901605697e-05 2.255717449058550835e-05 7.238406641446923752e-05
9.052094900526665435e-06 -3.962138999626293041e-05 1.243123407071488798e-05 1.813806102502095856e-05
-7.361853045097749729e-06 -2.735434240441594322e-05 5.816187761218472106e-06 2.890000768829506330e-05
-3.451363941076817483e-06 -2.006422267174700415e-05 6.142603009530739485e-06 1.737298360329287886e-05
1.168533094486816660e-05 -2.112497610621712812e-05 1.201001920662650008e-05 -2.570374045277609717e-06
-1.099970879074144587e-07 -1.937456715168743492e-05 -3.458221978277797248e-06 2.294278621787242725e-05
5.573732376940746869e-05 -6.998472972726763877e-05 -4.403026834778441659e-06 1.865043279263840336e-05
4.703949796737882694e-05 -1.536835287844902603e-04 5.678703975505628593e-05 4.985699106205256569e-05
5.027431032999782050e-06 -1.535570565987253339e-05 4.050553834706359252e-06 6.277720792166141366e-06
-1.745468996799832962e-05 -6.890138930971359977e-05 2.570383832850099329e-05 6.065224094921057695e-05
9.392916600578102916e-06 -5.828567948922490463e-05 2.218595210877950089e-05 2.670681077986702978e-05
-7.127493331793078218e-06 -7.135982757020599985e-05 2.225683008337484432e-05 5.623049081862384411e-05
4.226599674347102869e-06 -8.531759821715592955e-05 1.215065535611344294e-05 6.894034318669508643e-05
-2.013214806303205288e-05 -9.369664394447874578e-05 1.942702394744485941e-05 9.440176806006505834e-05
-4.183486518871393889e-06 -2.321717428130455672e-04 3.204466633239096357e-05 2.043105629995250658e-04
-1.387254636156129114e-05 -3.357638912206787214e-05 2.331155608274325559e-05 2.413737940088508775e-05
-2.605966410560687396e-05 -7.004017719822623947e-05 3.314709475623223850e-05 6.295274654759977040e-05
2.017291349022337109e-06 -6.617343962617607469e-06 2.049656572637813749e-06 2.550396040957381226e-06
-1.405398157503049425e-05 -1.293933754698710379e-05 1.637034443819287304e-05 1.062297468382453865e-05
