7.234013720572305850e+00 -9.488934619404792770e+00 -7.162149081227073388e+00 8.945349623045521170e+00
-9.932262141294502911e+00 1.856579409749277154e-01 -6.042273303705384180e+00 1.920617553555713997e+01
1.012106621942721141e+01 3.699879764153353734e-01 -1.769115276962788386e+01 7.902696219276848844e+00
-1.225465312289199993e+01 6.275350953968558798e+00 1.066155147199080488e+01 -4.913865408609673580e+00
-6.297230616574249318e+00 8.797269329925564207e+00 1.639906124585568836e+00 -3.775662249935912040e+00
5.368450045623674782e+00 -9.624182828479913354e+00 -1.409820837232070723e+01 1.792106117215935512e+01
5.654661298982998296e+00 -1.555714670128612909e+01 2.160984848123290902e+01 -1.367788711238152821e+01
-5.801466973570017949e+00 7.066491471708819638e+00 -1.003239727018705985e+01 9.086303331147469464e+00
-1.245204333933254359e+00 -1.103552737996119681e+01 5.492791431770233102e-02 1.064610702698942823e+01
-4.640357846198853053e+00 -1.059356725159954316e+01 1.277180616075869146e+01 1.822885042938538591e+00
2.278540549367787449e+01 6.137991070587414555e+00 -4.300959088820508036e+00 -2.499256144473912045e+01
1.569772791972026305e+01 -7.068634521742692689e-01 -9.775599504054705235e+00 -9.725421210743089517e+00
-4.326798823728203125e+00 -4.957287381768849421e+00 -1.476927075912581433e+00 1.103337165536963305e+01
-7.182377847210568156e+00 1.651120085652280522e+01 1.395813125182789216e+00 -1.254724920319911696e+01
-7.087133801591943616e+00 -1.376095463140347164e+01 -7.430114457118406790e+00 2.260931490040801961e+01
2.124824964070107569e+01 -3.251549615321548714e+01 1.519506211624157288e+01 -1.073411437112044631e+01
-1.435505008620384793e+01 1.352091880844299610e+01 -1.210149646625397324e+01 1.167124201657874494e+01
1.748243267953049696e+01 -1.236047813994144029e+01 1.268455138920060854e+01 -2.086975284668323738e+01
1.169268498943504220e+01 -3.022814511435151008e+00 -2.342180777042303763e+00 -6.312865355234678510e+00
-1.111655709327393637e+01 4.487443205444550998e+00 1.523936203472742257e+01 -8.894473087975185877e+00
-7.229796189273611784e-01 3.515373707710067297e+00 -1.644543429690434877e+01 1.361471470511988713e+01
-1.646922879497169134e+01 6.036231681430236584e+00 9.393503472341551586e+00 -1.220246288909117904e+00
9.842819223144094742e-01 -2.094478014416679912e+01 1.354963101519759228e+01 6.979124158687006307e+00
-1.792401646501600254e+01 2.155193838104658699e+00 1.203310966071238575e+01 4.565399562776789821e+00
4.320603151742965053e+00 -6.357993162507312057e+00 -3.745282028829016063e+00 5.924446042747339547e+00
-3.207143974895470873e+00 -9.157909525753936464e+00 5.324117529888861000e+00 7.597806988637181291e+00
1.381411974772773554e+00 -7.268494784394714969e+00 9.544841695459373554e+00 -5.273308568399184715e+00
1.252477356927223440e+01 -1.092385291716999873e+01 -5.417237764467309091e+00 3.896489157872275122e+00
7.830908071496639700e+00 1.348407451859143613e+01 -1.266084657356711496e+01 -9.144940055693423275e+00
-1.091798956604869630e+01 1.009022908793549433e+01 5.536203766301433404e+00 -3.566183589013983468e+00
-6.534030239085382163e+00 -8.663963866404429837e+00 1.275503147172069163e+01 7.670236564938538448e-01
2.443926187424171115e+00 -3.670146254139916575e+00 -9.515459676859334692e+00 1.268614685879171233e+01
-3.235678128520539598e+00 -5.370886158700903579e+00 -7.304866938690156353e+00 1.589867582117055633e+01
1.911080600834961629e+01 -8.629647521250822795e-01 -9.675662473069875702e+00 -1.170681777800669821e+01
-6.019046644047199024e+00 1.917888054647744411e+01 -3.093799012322833608e+00 -1.357286638336045925e+01
2.681427160690537548e+00 3.886752072187769969e+00 -1.403447559483436358e+00 -5.222722191739498143e+00
2.289384479009077111e+01 1.058658931543956960e+01 -2.277590910594613405e+01 -9.231178398482727587e+00
-8.868189114357285519e+00 -2.106882068806961605e+00 1.234755231738100534e+01 3.779835196991637725e-01
9.357203568024484497e+00 -5.656672068913884965e-01 1.489243300792775848e+01 -2.300564958528506310e+01
-5.472529715927875849e+00 1.069405729115244874e+01 -1.427207937867177279e+01 1.266136446196729715e+01
3.783416941143804024e+01 -2.627059746359404357e+01 -2.853627069555761153e+01 5.804876229624192696e+00
3.903372571908094280e+00 1.353616548812974218e-01 6.364210801032808895e+00 -1.041286047516729418e+01
1.118949196093763909e+01 3.572736613430414820e+00 -6.328018142985682104e+00 -9.445123971864481049e+00
-6.665272567929288350e+00 1.078555895280746135e+01 -9.211454421544683413e+00 4.202392699726408942e+00
-1.111085240788039563e+01 1.083320802254763571e+01 -9.980854216217647235e+00 7.349786851432500434e+00
-4.335967827511810313e+00 -2.344865855814416644e+00 1.215145390993137831e+01 -6.083089686004883312e+00
-4.457090911877392259e+00 -1.129143949136782865e+01 6.594821698791076825e-01 1.238758087678727371e+01
-5.963624498515924799e+00 1.019321340266369624e+01 -3.070565776958250392e+00 -1.077759670271246195e+00
6.944337310195719759e+00 9.020627810226663712e+00 -3.415756331286833092e+00 -1.389446402851457307e+01
1.753773741798147157e+01 -7.112290585818902500e+00 -2.533285647847951960e+00 -7.507123955405845095e+00
4.741432763630423430e+00 2.280925355295508439e+00 -2.303335292018458347e+01 1.510989038042059640e+01
1.073238517292172745e+01 2.942401173501380196e+00 7.657927649524526315e-01 -1.300261661017681547e+01
9.711801906632612003e+00 -3.703391035684965527e+00 3.473488443815631599e-01 -7.135307629622476888e+00
-1.314868992543490833e+01 -7.264776143232094974e+00 2.368565546219975815e+01 -5.474494239615540714e+00
6.408824721240265809e+00 -6.675881596920540950e+00 1.270284683439532358e+01 -1.313608964298219384e+01
3.545875227995321843e+00 -1.132181677199917402e+01 -8.610027081197437759e-01 9.763779327107981132e+00
-1.234402657280903315e-01 1.139680226244963102e+01 -3.111239134801527584e+00 -6.967722912170334126e+00
-1.047924397472021774e+01 -8.476067896602483387e+00 8.530445393731511672e+00 7.933141324361482560e+00
5.130669773896675778e+00 2.183808478708796075e-01 4.327740325958836287e+00 -9.728447145557151288e+00
1.780339896114851328e+01 -2.212227308571959483e+01 4.203335261001556411e+00 3.961303384414108786e-01
1.680095836663537767e+01 -1.139152515943378141e+01 -9.726649740254909915e+00 2.145869539658169955e+00
-1.702979591495255685e+00 -1.396283251586278773e+01 2.253743290577633474e+01 -1.802924614221827682e+01
1.908426853137315859e+01 -1.525835202623590980e+01 -2.515018708463083641e+01 1.947121446756852237e+01
-7.650976393621824911e+00 1.490249245785788368e+01 -1.707070548502944263e+01 1.073866480878075258e+01
-1.640994742363249514e+01 6.984400158953485871e+00 1.736430188641508110e+01 -1.099618279657232556e+01
-1.544770744285348485e+01 8.699014000217703213e+00 6.601359479505212846e+00 -1.565945794284290038e+00
9.074376892073900081e+00 2.360997713867715397e+00 -9.249538254365274881e+00 -2.186057665077376644e+00
-8.202798323263008617e-01 -2.318026967608546762e+00 1.490077390745969232e+01 -1.183339187218493471e+01
-1.543960990336375794e+01 8.072876734924975040e+00 8.790714945425587290e-01 3.467955059574761911e+00
-1.134453675989195709e+01 5.417981565968472246e+00 -1.547053551338055222e+01 2.341363079012819171e+01
1.289228046243578873e+01 -2.976286385405542489e+01 1.419315844133662408e+00 1.677376145320601353e+01
-3.584180844906941665e+00 1.066233914161431429e+00 -1.036979966683961685e+01 1.268201485381847959e+01
-2.218134319271375432e+01 2.162611157420820618e+01 6.542646198582461103e+00 -1.261448469912272152e+01
4.760015452339454001e+00 -1.234580864725136529e+01 8.185981688274569734e+00 -1.594063235838803827e+00
1.715061690461108901e+00 -1.886810054124567149e+00 1.085184486229674761e+01 -1.218466497098495083e+01
3.238629607617331541e+00 9.569763445555803827e+00 -8.664538137479221858e-01 -1.039504211201416695e+01
-2.087824322705042590e+01 1.552175982089320172e+01 -2.440738259388602227e+00 9.655444112913540877e+00
-1.918450246733243247e+01 3.770753185888114700e+00 -3.588044185390616647e+00 1.821603410682467228e+01
1.351812098643775961e+01 -1.190519107008188193e+01 6.172739277789078827e-01 -1.990509370011724011e+00
8.205005166692634688e+00 8.549020800237787654e+00 -1.043944057155647620e+01 -4.792467553402250502e+00
-2.553365378417409737e+00 -4.599991753235519454e+00 1.904331624904153486e+01 -1.518212911506550178e+01
4.238155932407139836e+00 8.348754757527640180e+00 -8.833380860854838090e+00 -4.300278112179807266e+00
4.552745993721075024e+00 -1.478834216427178028e+01 2.489833730533957734e+00 6.410124436990913388e+00
6.058807896996419196e+00 1.597816375402369893e+01 -7.852682646389388399e-01 -2.253802526610438761e+01
-1.621847632210071222e+00 -1.704579028311708910e+01 1.989461542167355645e+01 1.110814129291433527e+00
-2.704681044545999669e+01 1.300088128339586113e+01 -1.567067998112654159e+01 2.730342491911428837e+01
-1.158581454099826580e+01 5.464347167185019671e+00 1.232356737048520223e+01 -7.650569811472985648e+00
3.856188627600580343e+00 -6.048240393646322488e+00 -8.661194671141638324e+00 9.591964857521988463e+00
1.163600571054722366e+01 -2.904391187013758424e-01 -1.124641382989551452e+01 -1.433385903388965099e+00
-1.513537850159112530e+01 2.461005482819287238e+01 -1.710748180985902422e+01 -1.583142687502825163e+00
-1.078334433030912898e+01 -1.270642390554480983e+01 1.651197297228460670e+01 4.361523827297139277e+00
-1.996549241648381567e+01 9.409825921207083610e+00 -7.586752366982085771e-01 1.357208900840465837e+01
-5.944114929822245763e+00 1.457189984033039742e+01 -8.384888106832185883e+00 -2.410891425322101878e+00
1.513165097560766448e+00 -4.882925450239748444e-01 -9.856509792219192434e+00 1.148496591703736414e+01
-4.867895566444937927e+00 6.864285781684438703e+00 7.416732996306159897e+00 -1.104360509778803667e+01
-3.467838778880880213e+00 -1.012238515615060308e+01 2.459495921038375332e+00 1.171881917109207727e+01
1.271299214667005728e+01 6.146982898478387192e+00 -7.498738421274049770e+00 -1.061326424228201049e+01
-7.551117813498933740e-02 -1.419069345145020300e+01 7.620522058403422783e+00 6.949330500731924154e+00
-2.648907000032961179e+01 -2.260401865345142625e+01 -3.726616481821167337e+00 3.323933384763993359e+01
2.621283656369915960e+01 -1.798213714657081796e+00 -7.031488698759076783e+00 -1.440674381126277837e+01
