8.665865358948779839e-07 8.679886033731294948e-07 9.074592837671996625e-07 9.119222382679178922e-07
1.408290576270984784e-07 9.109704017130046040e-08 1.092903132164305947e-07 1.387393443230835517e-07
8.420917866590038211e-07 3.695780635819811106e-07 9.572605302110478942e-07 4.875734973054847592e-07
1.394570053229213793e-07 1.757244391084303519e-07 1.880279378992890082e-07 1.700535718368834023e-07
4.669148080717834834e-06 6.223457297455055956e-06 6.229866436998506223e-06 6.857029047172827513e-06
1.139640322722722401e-07 1.703811948108906977e-07 1.272573322988493431e-07 2.002201881454549553e-07
1.655503050097288795e-07 8.580533989998250401e-08 1.540617255654806267e-07 1.699106277346371168e-07
4.947354600457062060e-07 5.519093138199412002e-07 6.071240953101249452e-07 6.263368986933928763e-07
8.593964145146340257e-07 7.528383194024743755e-07 8.954833614452713881e-07 1.038188534038010799e-06
1.938599101793569051e-06 1.474143134862918180e-06 1.914266370842096667e-06 1.633098055916021363e-06
8.801677742959204077e-08 5.751024904574979806e-08 7.360801126895902683e-08 7.586646547062066919e-08
6.629830509912393248e-07 5.070818430281574666e-07 4.601085989865479608e-07 4.957072606301016121e-07
4.551855630601162762e-06 4.126035577662455743e-06 7.639084478564461136e-06 5.795683656816280835e-06
4.650594087642505048e-08 8.873782984844093968e-08 6.857196734425896508e-08 3.787041074984807872e-08
8.185241236272139485e-08 1.223590201357789418e-07 1.423394548533043998e-07 1.738763778888613987e-07
3.751906479785194179e-09 1.947226983887041531e-09 2.940253578846410484e-09 2.563901855498109863e-09
1.402047263235382524e-07 1.641659410830332768e-07 1.458722016732813025e-07 1.283533208022372995e-07
7.962664654848430195e-08 4.062919094974316360e-08 7.622152387181642589e-08 6.777331738109198731e-08
4.513429093327628356e-06 5.839218389152315620e-06 7.089647477598519429e-06 4.472241704454072145e-06
4.439163036704065170e-07 2.730744263342925218e-07 4.909529817572829768e-07 4.131457467269321366e-07
2.134620766727704175e-07 2.838489755986025561e-07 4.100174789811122524e-07 3.620889148222179653e-07
8.173207652712302049e-08 1.498093749723687782e-07 8.841101257227642378e-08 7.832944170479798140e-08
2.709670130858138752e-07 7.047126748387608506e-07 6.077515737265256900e-07 4.083795482563844418e-07
3.680226073125079518e-07 3.104228894075962188e-07 3.836998145706126272e-07 3.379937031297519581e-07
1.581216722029777960e-05 1.604591596172798729e-05 2.356847408182577671e-05 1.991469125350465167e-05
9.397721964351534222e-06 1.517335604513769703e-05 1.738742590592231386e-05 1.093794059311178050e-05
1.414211858137614620e-05 1.349466289305027957e-05 2.166835353801313467e-05 1.397755508185827034e-05
1.215364175304860025e-07 1.083837170442060858e-07 7.942697654189611030e-08 8.460172074784574205e-08
2.529723357942979358e-06 2.722390151456080582e-06 2.706722315508685650e-06 3.168508243969040599e-06
7.977492644156856377e-06 6.117821215976441462e-06 1.113646267245602658e-05 8.482204685605466589e-06
6.066748114677430819e-07 8.970301870683333999e-07 1.022786349249404305e-06 9.839759710189824286e-07
4.450606391113525177e-07 5.130085326715348487e-07 8.378834061284489496e-07 5.866554925051432844e-07
5.771821970109263250e-06 5.834167636101691279e-06 7.045791198908988319e-06 7.192992042951364675e-06
4.530382019041911254e-07 4.004632774723725429e-07 3.240926316468979618e-07 2.400021682298818911e-07
2.747781721645130311e-07 4.713760464255770201e-07 3.605028634694408413e-07 3.703048088429252589e-07
6.815672210752541608e-05 8.667663992012408726e-05 1.037240353755337181e-04 7.310230651172488841e-05
3.383346376322182436e-09 2.316133379210466968e-09 4.921309347269734916e-09 5.152349305234000300e-09
2.974530759984655838e-06 1.499745336213964269e-06 1.802917734640029410e-06 2.753302143433694642e-06
2.510072802375642227e-08 5.480877272496244805e-08 3.677935780074536208e-08 3.144175531649592131e-08
4.436305580976123103e-07 3.738937013833540889e-07 4.199532483237899658e-07 2.412744403100241719e-07
8.382965112325590154e-09 4.477457537370488544e-09 3.270577658865130957e-09 4.807787339281854345e-09
5.867957290506641163e-06 5.567157953092096280e-06 7.135546627183673550e-06 7.055268183966913009e-06
1.620091121734873967e-06 1.395456829650254715e-06 1.374270187408952669e-06 1.745181901680989000e-06
5.293994612053656136e-06 1.112088889717996016e-05 1.075062780831904608e-05 5.616869071386036637e-06
9.574972113665279236e-08 2.545019388081712327e-07 2.241081774059536600e-07 2.183640029334924752e-07
4.135492387447502817e-06 4.967445924983146284e-06 5.260665979760563405e-06 4.549636559149272384e-06
1.439609648843654350e-06 1.043062344973656118e-06 1.080355773599237098e-06 1.802382141488840721e-06
7.003215970894467896e-06 8.517385183198001688e-06 8.302888036742885123e-06 7.261370084520440712e-06
5.778670335519792072e-08 5.694381521035181883e-08 4.254134683120474831e-08 3.659861969851784643e-08
1.013663510424506562e-06 1.974691827165308240e-06 1.793746139295018454e-06 8.489704249065791657e-07
2.453401028513083771e-08 3.024395754535450561e-08 3.702724292867584147e-08 3.660268427498989363e-08
2.202306482396015354e-07 3.718649309132531749e-07 3.290380395624850074e-07 2.582673110710184011e-07
1.001109575947665522e-05 1.281641443411161212e-05 1.239194535949616035e-05 9.648832901167829916e-06
2.595988840018189670e-08 3.279001157013401684e-08 8.366113038921562852e-08 5.853859979092162041e-08
8.536919242699860422e-07 8.251285824971303821e-07 8.115304596527449095e-07 7.409118360218171581e-07
1.322131358765487441e-05 1.671825192803584790e-05 1.674989932496775548e-05 1.266450113367644583e-05
9.214519014907320283e-07 1.426428279020271827e-06 1.705827088939054230e-06 1.540196456860389330e-06
1.203286371792270350e-06 1.081582414754812761e-06 2.309297769537687534e-06 1.732429857961344404e-06
2.643963860487260566e-06 1.919251441156661625e-06 3.056830444435186476e-06 3.495115951372281729e-06
1.498638469390038327e-07 1.692752623198201950e-07 1.869632233653495759e-07 1.833363625186066531e-07
4.656493040553976559e-07 3.863627003968971667e-07 4.074048230439256272e-07 3.060127690629636758e-07
9.134362033968420524e-08 1.067026540351666390e-07 2.695693623970347425e-07 9.922765167413278179e-08
2.784341743299202655e-08 1.660058905089341768e-08 4.255891288803755667e-08 3.419010291590685372e-08
3.695735801081401765e-07 6.207532089700033245e-07 6.917606125564979381e-07 5.500204922344528261e-07
1.893618976081158121e-07 2.293467848389763201e-07 3.278495261421914626e-07 1.696456695203245040e-07
1.332910181452771594e-05 1.889928402455545129e-05 1.993726778000374654e-05 1.281480281311502415e-05
8.964938619031371492e-06 8.641105132711299021e-06 1.101971242403065486e-05 1.047538757102886818e-05
5.747785937400961434e-07 6.500033404817888096e-07 6.170088373217659598e-07 5.406242013351619098e-07
9.008447117516117490e-08 2.263456135982077345e-07 2.886744992799260372e-07 1.746829184223203806e-07
6.604631246160693792e-08 4.897341287639606253e-08 5.778880606386298200e-08 6.962863352237923412e-08
4.326334264581400872e-08 7.411067764740898743e-08 6.464904488155030702e-08 7.486539192684887967e-08
2.446552153515841770e-06 2.681329739997643500e-06 4.043390504549685816e-06 4.073238425716809435e-06
1.605607342719354796e-08 2.419293918036591603e-08 2.519815629044944568e-08 1.572338448902132114e-08
9.955550762817794142e-07 1.049483276652763582e-06 1.062665059429718868e-06 5.729366719326151327e-07
1.893797431384011998e-06 3.149729149159646928e-06 3.525772863729054924e-06 2.296788132607436882e-06
1.716382508511703469e-06 1.785599019817692616e-06 2.182387453964736402e-06 2.375901833589692233e-06
9.403162469709400831e-07 9.232695621238272511e-07 6.204849146110532139e-07 6.179679468149005749e-07
1.909524030302025555e-07 1.465022144306784078e-07 1.839779232943519629e-07 2.679654580067392834e-07
6.903672716392611196e-07 7.337264193359578041e-07 8.427180083557510769e-07 7.240030085921220650e-07
4.114432673896225430e-06 7.911770733442548276e-06 9.846546521426098405e-06 5.866363098576251797e-06
6.483108837807157600e-07 8.866166933768093851e-07 1.251934396605103052e-06 9.458239443523983647e-07
4.738508072541764694e-07 1.488565543738308724e-06 1.424488730021004582e-06 7.591670128783096934e-07
2.954339834656123583e-07 3.359921113172449284e-07 2.730862794759342810e-07 2.648219365235702752e-07
1.127860543598740697e-07 1.458318185561345230e-07 9.492480713997432470e-08 1.645333160967406551e-07
1.892031729543302027e-08 5.799812530782439026e-08 4.247246077526265364e-08 5.395242978251133092e-08
1.090015086649198057e-07 6.903162123335055648e-08 9.255209198417020829e-08 1.128007850701529558e-07
1.296136050866206414e-07 8.292768289037716937e-08 1.683415818032920881e-07 1.246647305967768627e-07
9.576463318962485070e-07 7.860861405835255440e-07 9.408253931881162289e-07 9.341571050612929208e-07
7.037680592660835923e-06 3.854256425338734722e-06 4.889969957962908697e-06 4.854829906491946935e-06
7.751469764097848700e-09 2.390741171424718432e-08 1.622021171003290870e-08 2.729339348826375267e-08
4.798740579914909963e-07 6.374857683673071295e-07 6.451579184172031196e-07 4.516639791006938907e-07
1.324860711135553758e-06 7.029849589954356056e-07 7.027471002162016971e-07 7.698996804713913408e-07
3.356617520506352908e-07 8.364666678356090716e-07 6.728472971881397638e-07 3.908708551324633368e-07
5.864378791278985715e-07 1.047882630560832844e-06 7.733307150972868194e-07 6.080142402575047173e-07
1.156300143637082107e-06 2.014154838527875585e-06 2.211816344447007809e-06 1.317458928883495567e-06
8.941362829789726305e-06 1.218593401578419064e-05 1.245350466099087082e-05 1.086565017354710153e-05
8.774655226304321605e-07 3.931293148422581962e-07 6.403802198378635720e-07 6.176206254553906262e-07
5.355522252350163048e-07 1.695515712393848021e-06 2.290592510924677782e-06 1.064493967399796761e-06
6.691613250254336962e-09 3.852018311352798698e-09 1.034516088422624408e-08 2.046811197332364462e-08
3.803548096922863695e-08 3.011507929557326269e-08 7.875622209132947984e-08 6.125035464572321544e-08
